1	other	3.4.0-plain	0	2.008034	1.728830	0.386023
1	flights	3.4.0-plain	10	3.375045	0.084742	0
1	other	3.4.0-apoc	0	3.931941	1.822899	0.547381
1	flights	3.4.0-apoc	10	2.471031	0.095125	0
1	other	3.5.0-maps	0	1.308362	1.536624	0.284947
1	flights	3.5.0-maps	10	2.810614	0.074200	0
1	other	3.4.0-plain	0	3.448923	1.076001	0.342105
1	flights	3.4.0-plain	100	3.309635	0.112549	0
1	other	3.4.0-apoc	0	2.959471	1.600922	0.522233
1	flights	3.4.0-apoc	100	3.316428	0.188976	0
1	other	3.5.0-maps	0	1.068345	1.732211	0.249747
1	flights	3.5.0-maps	100	2.848932	0.126098	0
1	other	3.4.0-plain	0	1.299679	1.367947	0.339236
1	flights	3.4.0-plain	1000	4.356967	0.322496	0
1	other	3.4.0-apoc	0	2.562703	1.700356	0.484214
1	flights	3.4.0-apoc	1000	4.767846	0.659277	0
1	other	3.5.0-maps	0	1.003017	1.370434	0.255785
1	flights	3.5.0-maps	1000	4.323803	0.533999	0
1	other	3.4.0-plain	0	1.164041	1.398394	0.322640
1	flights	3.4.0-plain	10000	9.775481	1.697471	0
1	other	3.4.0-apoc	0	3.362521	1.612865	0.554585
1	flights	3.4.0-apoc	10000	12.361501	2.804028	0
1	other	3.5.0-maps	0	1.155749	1.368557	0.248240
1	flights	3.5.0-maps	10000	11.612069	2.225904	0
2	other	3.4.0-plain	0	1.217772	1.184039	0.374455
2	flights	3.4.0-plain	10	3.096346	0.080806	0
2	other	3.4.0-apoc	0	1.234162	1.377179	0.530584
2	flights	3.4.0-apoc	10	3.421379	0.178013	0
2	other	3.5.0-maps	0	1.121393	1.486860	0.274042
2	flights	3.5.0-maps	10	2.318329	0.080350	0
2	other	3.4.0-plain	0	1.927009	1.033062	0.373116
2	flights	3.4.0-plain	100	3.156914	0.101778	0
2	other	3.4.0-apoc	0	1.179798	1.682802	1.177895
2	flights	3.4.0-apoc	100	3.017157	0.206074	0
2	other	3.5.0-maps	0	1.316993	1.628678	0.264436
2	flights	3.5.0-maps	100	4.281615	0.135608	0
2	other	3.4.0-plain	0	1.343817	0.962497	0.368521
2	flights	3.4.0-plain	1000	4.987652	0.359345	0
2	other	3.4.0-apoc	0	2.466350	1.492818	0.558030
2	flights	3.4.0-apoc	1000	4.345660	0.604300	0
2	other	3.5.0-maps	0	1.085838	1.435387	0.268428
2	flights	3.5.0-maps	1000	5.032527	0.394483	0
2	other	3.4.0-plain	0	1.156248	1.022822	0.318117
2	flights	3.4.0-plain	10000	9.401025	2.000712	0
2	other	3.4.0-apoc	0	2.775862	2.193711	0.545433
2	flights	3.4.0-apoc	10000	11.276084	2.892702	0
2	other	3.5.0-maps	0	1.177689	1.512575	0.254107
2	flights	3.5.0-maps	10000	10.841954	1.706293	0
3	other	3.4.0-plain	0	1.517622	1.037501	0.314889
3	flights	3.4.0-plain	10	3.220594	0.080854	0
3	other	3.4.0-apoc	0	4.225166	1.737282	0.504687
3	flights	3.4.0-apoc	10	2.923899	0.118090	0
3	other	3.5.0-maps	0	1.023267	1.371963	0.264248
3	flights	3.5.0-maps	10	2.739337	0.073863	0
3	other	3.4.0-plain	0	1.136778	1.059970	0.326612
3	flights	3.4.0-plain	100	4.197817	0.114939	0
3	other	3.4.0-apoc	0	2.464695	1.441813	0.526858
3	flights	3.4.0-apoc	100	3.703366	0.513444	0
3	other	3.5.0-maps	0	1.127876	1.475631	0.258889
3	flights	3.5.0-maps	100	2.902947	0.140787	0
3	other	3.4.0-plain	0	1.201051	1.159633	0.353112
3	flights	3.4.0-plain	1000	4.246971	0.262542	0
3	other	3.4.0-apoc	0	1.388455	1.342580	0.501173
3	flights	3.4.0-apoc	1000	4.288088	0.571290	0
3	other	3.5.0-maps	0	1.208956	1.512671	0.266261
3	flights	3.5.0-maps	1000	4.421158	0.516096	0
3	other	3.4.0-plain	0	1.309641	0.964588	0.345050
3	flights	3.4.0-plain	10000	11.714769	2.441741	0
3	other	3.4.0-apoc	0	2.781018	1.921701	0.524132
3	flights	3.4.0-apoc	10000	10.917939	2.755675	0
3	other	3.5.0-maps	0	1.092697	1.499555	0.260933
3	flights	3.5.0-maps	10000	12.150997	1.865400	0
